https://weather.com/it-IT/tempo/oggi/l/104b5c3a7e17868e40f84026b44fd565a02ee18193bb030a5cbd3076e58c01bc,0.7246376811594203,0.9259259259259259,0.8130081300813008,5
https://weather.com/it-IT/tempo/orario/l/104b5c3a7e17868e40f84026b44fd565a02ee18193bb030a5cbd3076e58c01bc,0.904,0.9262295081967213,0.9149797570850203,5
https://weather.com/it-IT/tempo/10giorni/l/104b5c3a7e17868e40f84026b44fd565a02ee18193bb030a5cbd3076e58c01bc,0.8978102189781022,0.8913043478260869,0.8945454545454546,4
https://weather.com/it-IT/tempo/mensile/l/5a9159203c0f5b210a73c1822acb841a4445db8af8c42fae6bfc392b8b9d7b48,0.7217391304347827,0.8645833333333334,0.7867298578199053,5
https://weather.com/it-IT/tempo/oggi/l/0b8697c01baca04214b4abd206319d3eba60db5fb05c191012c4e02f6bdb23a4,0.7033898305084746,0.9021739130434783,0.7904761904761904,5
https://weather.com/it-IT/tempo/oggi/l/98e8083bb7de0fc467fd1e22a1692f8f200343e4e0acc3b3fc31e71d29113b54,0.8201438848920863,0.9047619047619048,0.860377358490566,1
https://weather.com/it-IT/tempo/oggi/l/9729270b83e908e6f468c320b3cdfb720aa2883e65728d2658d0428be9465453,0.8148148148148148,0.9090909090909091,0.859375,1
https://weather.com/it-IT/tempo/mensile/l/7cdd1c6b2d4a01558f272bd111d7cca3b9048744cf5efd2d81fb22ba73501509,0.9112903225806451,0.9576271186440678,0.9338842975206612,4
https://weather.com/it-IT/tempo/10giorni/l/5e9589bf5805da723141e8f56378fadcd6dfcb3a72844e124acfb4c61620cc15,0.9416058394160584,0.8896551724137931,0.9148936170212766,1
https://weather.com/it-IT/tempo/orario/l/7b613083610fc203fc75003f23732ab9552018be8fef4b4edfeffdf0920cd9f3,0.9310344827586207,0.9310344827586207,0.9310344827586207,5
